angle
0
0
0
0
0
0
0
0
0
0
0
0
0
0
0
0
0
0
0
0
0
0
0
0
0
0
0
0
0
0
0
0.371175
0.181568
0.0442322
-0.0133186
-0.0237477
-0.0113596
-0.012825
-0.00793392
-0.0178215
-0.0130156
-0.00573593
-0.0136266
-0.0144362
-0.0104114
-0.00751118
-0.0136633
-0.0125097
-0.0155536
-0.0153028
-0.014591
-0.0137627
-0.0121729
-0.275536
-0.14355
-0.135746
-0.2386
-0.0735254
0.185446
0.788663
0.439585
0.990643
0.97979
0.985635
0.977418
0.985981
0.997581
2.1259
5.3301
15.3692
28.8428
29.9728
29.9745
29.9181
27.2305
16.1805
-3.68786
-25.6062
-46.5524
-47.025
-47.2557
-47.3092
-47.406
-47.3448
-47.4079
-47.9759
-48.582
-48.484
-48.4321
-48.4181
-48.4304
-48.4339
-48.4282
-48.3623
-48.5343
-48.4965
-48.3556
-48.4933
-48.6547
-48.6058
-48.5084
-48.3761
-48.6197
-48.6189
-48.531
-48.5571
-48.5793
-48.4042
-48.5297
-48.6392
-48.5503
-48.4831
-48.64
-48.5948
-48.3909
-48.6446
-48.6628
-48.5659
-48.6467
-48.7261
-48.5339
-48.5816
-48.6092
-48.4118
-48.2243
-48.3509
-48.3282
-48.2604
-48.4448
-48.483
-48.4087
-48.4044
-48.5357
-48.5258
-48.5311
-48.7481
-48.7118
-48.4677
-48.5381
-48.6004
-48.6
-48.5907
-48.6012
-48.5988
-48.6017
-48.6012
-48.605
-48.6007
-48.594
-48.577
-48.6037
-48.6049
-48.6115
-48.6014
-48.613
-48.6028
-48.5852
-48.5929
-48.5997
-48.5934
-48.5998
-48.6075
-48.6019
-48.6173
-48.6
-48.6068
-48.5982
-48.6091
-48.6069
-48.5897
-48.6139
-48.5973
-48.6161
-48.5982
-48.5739
-48.5985
-48.5844
